 158	 158	 2	 158	 158	 158	 158	 2	 0	 0	
 2	 2	 2	 79	 2	 2	 2	 2	 0	 0	
 158	 158	 2	 2	 2	 0	 2	 2	 2	 0	
 2	 2	 2	 176	 2	 0	 2	 176	 2	 0	
 79	 2	 2	 2	 2	 0	 2	 2	 2	 0	
 158	 2	 2	 2	 0	 2	 2	 79	 2	 2	
 158	 2	 158	 2	 0	 2	 1	 176	 1	 2	
 2	 2	 158	 2	 0	 2	 2	 2	 2	 2	
 1	 2	 158	 2	 2	 2	 2	 0	 0	 0	
 2	 2	 2	 2	 2	 176	 2	 0	 0	 0	


 2	 2	 0	 0	 2	 176	 2	 2	 2	 0	
 158	 2	 2	 2	 2	 2	 2	 158	 2	 0	
 158	 2	 2	 176	 2	 0	 2	 158	 2	 0	
 2	 2	 2	 2	 2	 0	 2	 2	 2	 0	
 2	 2	 2	 158	 2	 2	 2	 2	 2	 2	
 158	 2	 2	 158	 2	 79	 158	 158	 158	 2	
 158	 2	 2	 158	 2	 2	 2	 2	 2	 2	
 158	 2	 2	 158	 2	 158	 2	 176	 2	 176	
 2	 2	 2	 2	 2	 158	 2	 2	 2	 2	
 0	 0	 0	 0	 2	 2	 2	 0	 0	 0	





NAVE 219
COLPITO 176
AFFONDATO 158
ACQUA 79
VUOTO 0
